Results for ROOT Level probing:

Customer   N    Idle   Success  Collision  Total   Efficiency
---------------------------------------------------------------
   1       12     6       12        17       35      34.29%
   2       50    21       50        70      141      35.46%
   3      132    33      132       164      329      40.12%
   4      150    42      150       191      383      39.16%
   5      177    49      177       225      451      39.25%
   6      329    50      329       378      757      43.46%
   7      441    44      441       484      969      45.51%
   8      457    42      457       498      997      45.84%
   9      433    46      433       478      957      45.25%
  10      371    51      371       421      843      44.01%


Results for LEAF Level probing:

Customer   N    Idle    Success Collision  Total   Efficiency
---------------------------------------------------------------
   1       12   1012      12       0       1024      1.17%
   2       50    974      50       0       1024      4.88%
   3      132    892     132       0       1024     12.89%
   4      150    874     150       0       1024     14.65%
   5      177    847     177       0       1024     17.29%
   6      329    695     329       0       1024     32.13%
   7      441    583     441       0       1024     43.07%
   8      457    567     457       0       1024     44.63%
   9      433    591     433       0       1024     42.29%
  10      371    653     371       0       1024     36.23%
