21
YYC
YEG
YQR
YXE
YVR
YWG
YUL
YYZ
YYJ
YOW
YQB
YHZ
YQM
YFC
YQX
YYT
YXY
YZF
YFB
YXX
YXS
0 157 440 365 720 0 0 0 0 0 0 0 0 0 0 0 0 0 0 666 514
157 0 0 322 735 0 0 0 0 0 0 0 0 0 0 0 1297 904 1680 0 468
440 0 0 164 0 362 0 0 0 0 0 0 0 0 0 0 0 0 0 0 0
365 322 164 0 0 490 0 0 0 1860 0 0 0 0 0 0 0 0 1500 0 0
720 735 0 0 0 0 0 0 151 0 0 0 0 0 0 0 1620 0 0 64 520
0 0 362 490 0 0 0 1295 0 1386 0 0 0 0 0 0 0 0 1380 0 0
0 0 0 0 0 0 0 313 0 120 168 709 0 0 0 1920 0 0 0 0 0
0 0 0 0 0 1295 313 0 0 264 0 1008 0 0 0 0 0 0 0 0 0
0 0 0 0 151 0 0 0 0 0 0 0 0 0 0 0 0 0 0 0 0
0 0 0 1860 0 1386 120 264 0 0 0 0 0 0 0 0 0 0 0 0 0
0 0 0 0 0 0 168 0 0 0 0 0 0 0 0 0 0 0 0 0 0
0 0 0 0 0 0 709 1008 0 0 0 0 133 226 0 0 0 0 0 0 0
0 0 0 0 0 0 0 0 0 0 0 133 0 103 0 1328 0 0 0 0 0
0 0 0 0 0 0 0 0 0 0 0 226 103 0 1229 0 0 0 0 0 0
0 0 0 0 0 0 0 0 0 0 0 0 0 1229 0 200 0 0 0 0 0
0 0 0 0 0 0 1920 0 0 0 0 0 1328 0 200 0 0 0 0 0 0
0 1297 0 0 1620 0 0 0 0 0 0 0 0 0 0 0 0 1630 0 0 1132
0 904 0 0 0 0 0 0 0 0 0 0 0 0 0 0 1630 0 0 0 0
0 1680 0 1500 0 1380 0 0 0 0 0 0 0 0 0 0 0 0 0 0 0
666 0 0 0 64 0 0 0 0 0 0 0 0 0 0 0 0 0 0 0 0
514 468 0 0 520 0 0 0 0 0 0 0 0 0 0 0 1132 0 0 0 0
0
